1416949658
1857231082
080213825X
074349671X
1442468351
1439152802
1451648537
000723368X
1592243002
055337849X
039925675X
1595543414
1250012570
006117758X
1423102266
067056172X
1416950737
1476798176
1585678759
1598184318
1400079497
1857988094
1423121309
1857989341
034541005X
1451683405
006170654X
1423140605
1423108760
068482535X
034552795X
069401298X
1561797464
1400078776
031605755X
041330860X
1416528636
148234873X
1594481954
1250069793
1401341705
1408319462
030734813X
074324754X
1400030269
044101173X
1101875895
006232005X
006102001X
038553292X
068480154X
031624371X
1408816032
1476789258
1481420763
1594561753
1596435739
143914799X
1451681739
1416595163
031632468X
1842322761
1595542779
1414334095
067973225X
1849234752
031285787X
1416549978
1842431021
1439102414
61985880
140013083
140558640
1620610078
1250077699
60744871
385333900
60513098
446693804
1416975888
1401322786
345347951
385735294
61020648
006093316X
1936305623
312939035
765348802
399158820
60739428
143417231
385342020
446402400
345418417
1423134494
553805487
743281640
316037885
345487133
316009857
812508440
034525855X
553813145
786890754
60598328
765343436
515121843
450040186
1568650949
60734000
770430074
385739141
385542070
1423104870
692572031
743422449
312364105
2266120921
758290411
671729454
345503813
1101946342
553804804
044021145X
1416950079
61284203
1597372552
61726834
886774268
8129115301
345418425
1596434465
375706410
1599906953
393065782
553805460
006053124X
425189031
743253426
006124242X
399150862
1590385810
743233492
307269760
425143325
802734375
671027638
345481291
440225442
312933541
312941919
1606841750
385743602
60935499
446610178
671578855
425267040
316166294
1250019672
307341542
440226708
312554192
1455536253
804188246
1439166641
515144665
575075066
749934395
1937248097
068987121X
425267083
812992792
399162437
553582917
1416571736
62317148
316097527
1599903385
753510995
076534629X
62194720
812966295
446694843
1416951172
140042520
743231511
446613355
441010288
399162593
752849190
142401102
345313151
1616149981
7191324
399155015
441627404
1933718552
140260706
99549344
140230270
61138061
1416505016
803734964
552152951
1439102724
312426232
61449121
765357054
067001821X
1250060559
61668060
1414336241
553589458
1594631573
61094145
446608815
142501107
399161481
042520992X
679745580
1400033446
141043768
044657967X
312983220
345443284
385352093
553392921
140086838
752876457
786901640
62235672
64472795
399256776
61692042
043933909X
1442430001
307119394
756403014
395137195
1595540342
1439191379
147679250X
446699535
843955287
316051594
316101842
2266079999
340881542
553584502
1921351438
1596912855
1554682746
1416963960
61583227
1416532358
778324516
1565126297
60182989
425099334
451225090
62280678
553382616
60887370
385733410
312986343
62331159
679732268
1595141987
1892295490
451209435
345454944
60548258
575079797
394298667
031236847X
557364639
141311371
312954468
688114490
515144592
1455521213
399154701
991686004
1416960597
1587672286
743290119
976165910
330376152
61240273
689860072
767912276
373777922
307595129
316018953
767912241
380817934
978970764
380712040
758216424
312360401
142401757
345505719
316084220
99578514
1250091845
441020429
1423140591
055358359X
425190447
345484274
451933028
62220969
553248642
446195502
641645473
61020001
812517725
142408786
1400068320
763619612
751530492
316012823
451219945
844662925
1250022088
553282093
440212812
743454537
142000205
590396439
307588920
1101875100
375701907
074326195X
553277405
756409608
373210582
670018708
006083577X
078685197X
425204693
812550706
743442849
1416509879
1416521690
61148512
330412744
671744216
375814701
399148701
765318415
031603617X
1846054761
99453452
1466867507
743265025
156031566
1594487561
084394952X
345335708
316123404
425197395
739465511
075280944X
1599904780
316068047
1439147973
042519485X
1411608313
345475836
552148032
144242673X
399167838
1401204953
743243315
380820854
553499114
141971189X
727853414
553418297
310247535
440229081
747541604
330369032
1451629184
743225082
60256656
62059939
140283331
399169520
552154180
64473457
316261130
812984277
1442409096
816638624
545424984
553295411
312364423
425214435
425213978
1849231842
7120680
054522490X
441013813
451461037
399155988
743496728
743466527
1451617720
694011479
7117140
1453688935
1463756976
142001821
1402262272
1931514607
671027581
441172695
1401324436
743294270
441783589
1937053164
517223007
755328175
067172939X
758216432
006079156X
1402284314
385351399
451224639
439796636
451239350
425157539
553588486
61433012
316098337
1423121325
553573764
62430874
1713221
60786469
312369506
192076920X
553575422
553266306
1857984986
552992097
1501132938
679753338
1414368186
61120073
393079988
440800463
60590319
62377183
544303164
689869126
000748805X
451458125
60593083
670012947
425201449
743437314
1423194551
141014083
006173506X
399154345
60512148
915297019
159514398X
125011117X
689846231
60724552
312546564
023070395X
142405787
449221490
689857705
446674575
446350982
1400080665
61257095
385539258
034553283X
399168796
802798233
080508052X
1455503258
764200119
812541626
60988649
446321214
330369954
62380877
756402697
525478817
1450595987
684853159
446614459
380820889
1442435003
671876465
670021474
316074152
156030373
142002054
62076116
1841493341
451217454
1580495869
1841497975
446577391
60090383
031262168X
1841150509
739377728
553381342
2264022442
345807952
670021679
316921173
765354063
441013465
140679239X
312656289
441015271
1416974520
439050227
1476731535
425212033
345496876
097915930X
039515023X
749932775
812997530
140089225
675093244
044669567X
64440206
689865384
553582461
61138010
044900483X
446604844
449213447
075283455X
684815001
676979564
142002070
547152604
375724370
316036196
8176210773
184243022X
1434764338
345396553
042524413X
689840349
440236703
1937053148
307596850
1500607533
553816713
553582747
60959037
152802177
1560974273
812968972
312934327
399156577
743271327
425198731
1439102759
61996181
963192566
199291152
61015725
739464469
385339410
375760385
1565125967
752864327
345496574
451461894
142000663
575077026
345339738
545040566
006074457X
988393506
1860498809
1616203048
1594200823
380803267
044657449X
439858054
031612611X
739418378
059039696X
446603775
330418874
99465639
7325983
451188462
547251270
671877836
316187712
752876813
553565079
316334529
60809086
440236738
385341962
441014895
689840926
441017150
1405258217
1606841440
316187747
316097772
312370156
545135702
763655988
330449605
316767727
62268341
60838728
718154959
000710653X
446569895
743294386
930452895
1414310560
1455807044
061870986X
034553364X
60577371
141184272
812515285
743299841
399155341
451463722
039925482X
1573226521
1416918736
1250014522
803738552
446528056
142000655
385341636
670061050
312424094
60757639
141439882
756401933
451211472
61767581
307277712
553582933
446500038
140621318
515126772
590554115
425241505
749748001
393318486
385732554
743453964
743269268
425270696
440975344
60608528
525953507
671042572
679879242
038531387X
316043893
676977731
7158475
385611072
316219126
385344406
345544927
009959241X
330311735
874778883
452298385
312181108
159514322X
399158278
446699454
345497457
807083690
61345695
451412354
61726818
553119222
192833596
446696129
743484274
765354942
425267067
573613311
052595158X
006098824X
356501507
1841494186
553575376
1430300612
312555113
385533853
553214322
141301066
446695661
812974018
61259349
1842430351
316018600
312990960
60987049
312577206
553258478
1442402008
60534052
451209303
515142883
316036064
1439187312
1476789630
140169300
345330137
399252517
142002801
1501101536
425203891
081297235X
141699792X
765319853
330419641
375761411
067155302X
312591829
192838628
671704656
1250049377
473235501
067972477X
91940737
2290011150
385339593
758266944
446364800
307098222
1682305031
767904427
375421874
749934085
1400063841
842382895
446564087
393312801
60584025
399153357
1476712980
670020486
1442422017
385337930
140620613
425247546
385340605
765316897
786887079
1585673927
345335651
545142997
763631620
61043559
375703861
1501117203
399256202
684193957
618007016
857532014
399158448
60788380
679746048
345441702
61474096
1419704281
439845823
425150984
385353774
439474299
515128546
670025488
1442406593
310226058
1600963943
1414339364
140283358
425208435
778324826
61714305
60525614
1419151126
439903440
61728918
312349491
142301515
312241224
752816993
1595540075
316081051
61714321
316002860
312374976
60827645
038549081X
62409859
038534385X
553381679
439829127
805080481
394720954
425134350
6513220
60590297
545540607
557489563
571215289
552998761
345451902
62085611
7202326
449000664
876855966
590396056
586026193
1476785597
031242440X
689848919
451209133
380817926
1421820609
62267523
671004239
62491792
055380555X
553803077
545324092
345363310
385265700
316954993
575077883
61051586
385515049
141658661X
62285637
670026638
60837381
1250015545
345434803
1847673767
451471474
385351232
152010661
440421705
316194689
1455559822
374116342
044024160X
373210183
312642962
316068225
375700811
1484724917
143035746
553804332
158648303X
60988657
804113475
425142485
375758232
679728740
340893613
425192032
312949812
425212696
804138818
743298020
140132937
753453800
812511816
312377045
1594488878
670038571
312361270
031298166X
312984839
385528779
307263940
1480095532
1846164257
679805273
1400066124
316066346
670063118
1409135195
886773687
743227441
525952276
451219953
802135781
747266921
671733419
330411969
765326582
886779065
684822761
525952926
312936222
778324338
042510687X
141183535
1405209496
747553866
61974618
1442454148
142406139
670061107
385537131
316010707
1250128544
61351423
553153382
749391685
451200810
1844285073
7169957
425169693
671702513
1400064759
193636574X
140006788X
671449028
1416599398
446609404
076532699X
316010766
380821214
515133310
2314576
937611352
399173595
755379284
1250046394
1250095255
749934409
1455521191
1420100963
804192979
142001740
380756277
345427637
1439102430
446696161
1451686633
743272498
142408808
385338600
62271121
802139256
380790076
312932812
743272501
1599900734
425238814
767907817
399216197
1400063973
553381334
441013406
1594488800
545123267
812520475
440164842
141187492
006233638X
876850867
767903862
1595143181
399256938
1250006325
156007479
349117624
7524277
449818438
140186301
446583146
61449067
1476791619
316041440
689875347
1627792120
394574753
553803727
446675539
843955430
1416516859
1442152613
553288202
804179034
1400031702
1416995552
449912426
60788194
1416530711
450542882
380018179
1250034604
345457714
446195510
60764902
679720219
61140988
307277674
60725125
61345725
241141826
786849568
316018589
399214577
385344228
312306342
1594485755
553589172
575132507
60562498
1476728747
575077166
074347788X
393328627
1400068312
038533916X
1557488150
1467964409
1439172560
451229851
451222725
1594204993
316952664
515141658
241963745
006621131X
316778508
60596988
425205967
014023828X
316910333
1741662095
62073125
345485750
62217070
61240850
60759968
316713732
440243750
765348276
452287898
425263908
1451645821
374480095
743430336
451461991
440240948
307599469
545060494
312939019
374324913
143039946
345485777
60855924
552150215
1455520616
067976402X
1585673692
1897299214
553582453
767919408
312650094
439679966
1781162646
61449091
515141399
1416953582
743470125
671737635
525952764
1592402739
425141233
385743580
307990672
045146379X
670072818
044619154X
451460936
143034758
373210515
151189781
765305119
345417968
60724617
345324390
812577566
1841954802
1594482306
62320521
1416595201
1414310552
60880120
1410400964
385339674
1560760478
1841497126
802723462
751554154
399250484
749934131
1400052297
1442436646
545415071
1501111671
99267543
151166066X
553820273
316032220
451210557
307377326
1591141273
671721720
739455834
670011304
1594205418
446677388
440132940
1101875941
749909056
99489988
61059927
446616621
316735507
1595142509
812551494
809510839
62060554
1857236653
62072099
373772467
99437597
439236193
142437298
802135226
345451325
1595143203
1599903423
451215737
1477817158
60725133
373210051
743297334
758266928
671540661
307271080
451208706
451457811
1423128192
345335457
038533379X
425176657
61092037
345418476
670059838
312348266
756405718
345450728
446546933
552154229
810970686
330247042
62285505
60092572
553588184
758232004
375829830
031609966X
330448447
586064176
450417395
679889108
140309276
765348810
1423157370
374384681
345397673
145210655X
140157727
1416974512
374260508
316296198
147675666X
312380828
545040523
552152676
525456074
446531383
312992424
451529308
61128643
7120710
393081508
1408810441
038553714X
345545966
1582346178
812974611
786887583
1594488134
553588265
618724834
62014536
786838922
394757688
441009425
738718688
7158491
1456527738
679456201
439700930
1555977073
307376656
1741663024
340895934
333761189
62059998
62004018
749934433
375758771
3552060413
1451664125
1400043875
1612187145
044657161X
1595141715
385528043
60557818
440339340
440222656
62279874
1409113965
440244498
316955108
553213172
340796146
006056251X
2020418770
014132502X
1400097037
345497627
545060486
345539478
374193681
1419953249
1421808307
1416586571
345542924
553589482
553282980
385521383
64472809
61784796
545240778
312957572
312423799
044023803X
61998168
1936365537
312569033
1416509887
140280464
525951989
1841499889
61992704
307594173
451461401
307381757
373210272
1596436581
440245265
141655484X
345539788
451475496
375836977
014131088X
64440583
1419702173
316037834
670012254
1476759545
553575651
143036661
044101769X
679800034
7175191
515089931
039480001X
142003239
553578529
1416963987
671725661
441010644
307590615
144240907X
670022691
147111810X
375508333
505525534
385521723
446611638
62422960
042518546X
316734837
312595670
60577363
316769177
441012396
345545850
451165667
385755929
7563035
545424941
446611778
307277887
702229784
515142867
451215710
340682388
076790284X
385341598
373210035
451220897
031608106X
1595143998
525954570
312537409
62107313
60786523
515128554
451199863
1455501476
1406310263
074326603X
1616960922
452286034
142407380
425285049
60741872
749934123
452283868
61020702
042520426X
61143316
99366711
679772669
043977134X
99461889
440244501
375705198
1442444924
1936305380
055357342X
1439164630
812976142
425204308
553575384
145161747X
399167064
345481305
385742886
1414315716
312305060
888994168
61566128
042528011X
312933533
804136572
743249291
842345523
806512814
312265050
61922315
891343377
1400067111
385350813
1250000238
515138819
054705484X
1935089447
044661002X
60012382
1476727910
1595143173
618680004
451459407
375507256
613371658
152002650
1579126294
1480114480
1408808870
749941995
515116750
1595540067
743271181
812508424
679722769
1596430699
553269828
62049801
786851473
786891122
373210264
62124366
543904709
1862301387
451226259
1423108361
340752475
000735049X
803733062
380803275
399256180
451412702
152024174
60584750
031624662X
345494997
385525001
61957933
767905180
061579615X
140249435
006440630X
077832740X
345419391
141659521X
316261246
1455521205
590920685
312380720
345803507
399164448
1571316515
590554093
99910101
425195481
425213617
786818611
446585025
373210639
385486804
307263991
1502541858
125005480X
670026328
1250109302
62208195
385738757
1416516352
62001035
60086246
61974552
60755865
006074068X
425116840
312937660
057506689X
99481243
446672211
1451665601
525952993
786851716
009947137X
446362662
452287057
006204964X
545060451
1400096685
525951059
439856264
316252964
1416927883
037321099X
440418518
1459245954
345505514
62116851
803736991
425223256
1405088834
349103232
802131867
140006466X
340739304
425138232
812970438
441011241
055350584X
1579126251
575058080
1250006333
446695718
375955712
1408857901
149262246X
671011332
553578553
6513905
749934174
805072454
425263916
045121577X
618446877
425199584
553278223
037377138X
385737947
316182540
7325940
307272583
61668036
1579126243
1595542884
60733497
316201642
307700003
553813153
044018293X
61728934
61767603
786891076
146109111X
451463803
316246654
316055433
743484193
778319059
345322215
080411109X
152050841
345439104
441019455
451203267
441008534
142002046
375509321
142422959
312349998
307594165
1401303277
440174643
1416509372
61020680
385349580
452276721
014132063X
1573229725
1905294964
440210690
812550293
62209841
080509461X
142002038
1465341889
312364121
345476980
553588117
670175919
385340567
670026603
030711838X
671685635
679774025
64409597
62235796
751537284
385736843
345472454
067172942X
385664443
307356361
385534817
373775814
045057458X
752837214
802130917
62073168
446696587
067102731X
1400066336
394826205
425205819
553804677
1439136807
316013560
140274219
307279901
399167846
340796154
7157150
333725034
440221315
1596911050
316015849
1250000246
034551548X
1596060204
1609074602
312539517
038073186X
553381660
743499697
805078983
553578685
61668095
752224417
1423157516
749909226
9381626715
452287146
316160202
1847679447
61345660
143035061
60531231
345548485
60093366
441014011
044653109X
052595192X
60725117
7178379
031619008X
380014300
593046315
081299325X
425197549
385474547
312976275
142401773
446612731
1416521836
749934417
7208006
006053284X
1841493007
316123358
316777730
1419710206
345327861
1416585834
525422242
1250076420
156904365
142501093
224097008
1597800449
60724560
670060291
60955228
1455521310
000100039X
312593317
174166134X
452282829
545052424
843958448
142501557
802720854
752858491
60560118
1423118235
345422406
425263150
545060397
399175164
61187844
055327094X
1442426640
316113786
449912558
1606840576
1523662441
345542886
446618675
61119725
62004042
61161705
375700455
60564679
439598389
553584707
080413717X
7120818
143036378
1416974504
385741391
316069515
044101268X
515122734
439227143
345450744
1627795944
743211375
552152978
1922182109
679747656
031215125X
778324109
1406501069
345808002
60080841
312983603
1573227889
684859734
385333781
312651198
375865861
184391400X
756404738
312156960
62026089
60652942
679723692
375724508
312383282
385491026
141697170X
671004549
553804790
679722637
1559363304
425224201
375832998
486410226
312890176
553281747
385669852
1572245379
425144372
385720920
739467042
452269652
312554168
345379624
425259854
521293731
743294254
618194576
689861133
679457143
074341196X
61996165
7158513
91879205
373773927
62429973
312421435
1416563067
055299877X
451219422
446604089
312650248
399155813
380508567
230711251
385344422
031253275X
006091307X
345373529
1414310609
399151575
752848267
316002569
553805495
62325345
60755806
1400069599
446573051
60652896
142404241
60572965
743225422
865471185
1594480869
1476717095
671726528
067102082X
440217490
1416940901
62081012
778313468
778316335
192839993
505523892
1842323008
545284139
743466772
8433972618
399155163
345348656
425197387
345382846
7302142
446699543
316166316
385334141
1402245793
141004924
374316414
385425139
425204200
99470470
316033650
399157077
312591837
91933684
7491433
671019759
684803860
60502932
763655996
373773552
067001088X
812513738
525953485
156031191
375504877
037321006X
679783261
385536976
055358202X
62289241
505525526
552135399
6280935
140042598
446697435
786856920
62200461
2081354802
310321913
394800206
226320618
014023313X
60527986
743493915
804141266
1937007472
034551128X
142437808
345543009
1481426303
099050560X
62072188
679745653
1423128206
312949804
582461502
1857236556
1423140575
142311339X
312940661
1611099692
449911934
345300785
60004878
014241493X
1416580956
968709184
1409151174
62286927
345412214
039916216X
451188454
316043966
316037532
847829863
7236344
425098648
316376116
345476026
312147015
451465105
373210043
671870114
743457269
688163181
140130866X
451456726
312599072
738710180
778313077
804178747
312187149
1573228737
316176532
143036696
749942010
451228219
743225740
1401340873
375727272
670038318
312353766
399250565
545040604
441104029
571313248
440241901
145553322X
60724692
439488400
1405092726
425200280
385721706
525423648
307119408
679731148
439672465
1481200577
375836942
983212546
679735909
1569472025
034545894X
99447126
345505670
316176486
545298407
743292511
399156046
1841492612
99498596
345524594
1401323820
145558116X
446619035
446359203
786856866
1741753597
786932287
679723110
1455518379
307119483
446605484
1619630621
316059862
399157220
61147931
670021873
345436830
876859260
374271569
1416914188
057114456X
60751649
62359983
61626317
751530484
1857988221
743219570
1857233808
743451791
425233383
679783482
62207393
312662750
553819879
076790382X
345418263
385523238
451458265
446671002
1442413174
380752859
141311428
451199901
805094601
7251866
1250019699
439861365
1416562591
553283936
671741039
425172902
312948557
316734950
451233166
451464400
778322858
141019085
1477825940
345379071
385342063
1619636042
440238609
316094617
1620401398
439858046
1400096936
9381626685
446562424
60878061
689845367
1595549633
876852630
1595140838
62240196
425230074
778316556
99478420
345468694
1400067243
1439177724
399157867
425226743
1250010713
2246760011
805099247
345520483
684832356
312987854
62392174
316074144
679735259
425227723
373776578
64434508
1934137197
038531258X
525422943
451451805
765316552
767915828
451209338
61561630
60765240
446699489
446698873
62409204
312590989
723247706
1250121000
60525592
446547565
1301949825
312367465
803734611
9799731232
786939834
038561926X
441018645
316033677
425204030
375706771
375713344
802122515
380000830
606298231
142500593
1594486344
60932309
7154615
316926051
8756795459
374187614
345457692
373210698
60987561
7423292
375760377
804137250
312652917
543895149
142004332
439023491
689855532
6499163
307265439
393086925
393318680
399256768
030746363X
886774004
446359408
425199320
1606840592
1416524347
62065246
312348673
785729194
393325997
385334176
751505544
345405137
006156155X
1423183096
140432078
446611913
765317583
451419715
1419705849
038541305X
385353308
1442409053
312933525
765354705
62117378
743273567
61139378
786839171
345484118
316012386
1908844965
451216954
345524616
006440174X
143038109
1582349061
395083621
399153934
345390407
1414310579
345318854
6178731
671729470
765326353
345468643
61020672
316214442
830737847
1400031044
373776985
380008319
1439150001
000649885X
3522168577
441005837
7120842
385735332
385339461
1402271875
1594202664
241003008
307956350
345416260
345459210
553212281
006202468X
1594482225
99468190
330314920
99465647
3847905171
345335082
446324825
425198685
375705104
044669651X
1416914307
312368577
385338694
752849522
316185906
152052216
743453026
451199928
312966091
110194661X
62048546
380818612
61138037
99435136
1423121295
553383043
61031321
553815024
393310329
312274920
1416914234
142406120
312360819
553146963
7113803
385333218
038533351X
62059963
312992629
1250034515
399256199
743296435
140505393
722536542
451234871
152057803
425246957
425204669
1416983090
679720227
765336405
1451661509
078915479X
747267634
385738595
1594481938
039915583X
671720147
679729453
1841497762
60897848
1478322306
525953094
670785601
1250077001
446572993
006095955X
553564943
440421241
441014941
1423144333
553344862
688170277
62048503
142001619
140280553
340686030
425205673
375825444
340839937
385535589
718149122
312939000
042516098X
871297485
374384738
452285933
1400065933
1576469239
076532153X
1582701709
60845546
451228669
1400095921
1400034205
670062278
055327418X
553536516
045146091X
039474067X
394758250
60753943
1904910033
9735004100
752858521
743270371
297854399
385671105
439568420
812971671
689821816
307394956
7119305
7273746
425190374
446533424
042527067X
60773758
749935871
451200187
1250083214
1476792488
345476166
671019708
439295785
1937007294
553803190
1439134340
1250001544
749935332
525955097
142150605X
425280101
038070952X
441014151
031606792X
60653205
014200202X
385721676
385520514
61144835
145165801X
751503894
99481685
316014559
553381652
99556316
1625173431
380730359
1405915293
441020011
312349486
743218574
449911659
156421356
449138240
312656270
356504263
446610224
553286285
543895882
345467817
61779768
670011940
60735430
399154914
553293389
452297036
441012183
1416914161
60540745
62309668
1741663016
764200739
571297889
316056634
373772327
143034359
836220625
545812542
679749845
1841493147
758220367
141300515
345338588
586008357
345533623
349400202
316014281
1406321346
778315339
553588370
451458222
7157177
743482972
014200068X
147671777X
61928127
1250031125
307277771
031607991X
1481268503
446615129
399156828
743421922
374292086
1579126286
1439178232
071956896X
439700884
425181103
006008216X
312359667
345457374
385333137
752885170
9580469717
312650086
743474171
316134023
345418972
030720961X
055215430X
441016154
60935472
743298853
62277022
61477958
842335722
385732562
752815393
1616201320
684823780
399157689
316099759
385504225
1439102767
804177996
439703700
62310712
1400032814
1484715772
688040748
62430211
345540875
006197806X
393327345
802132219
385344414
140115854
340936150
7288387
9792230300
330517090
144477851X
671729462
061858532X
60531827
439846803
547887205
60002492
1594202249
1455531189
99468387
312605382
1416584080
1444736930
385524927
808516965
375753141
6486010
014100018X
340893605
140227663X
1476702993
671037706
61054887
345419634
451212452
965913228
159514319X
451452313
553381644
765378558
1402245858
670024783
61043575
034089699X
375856110
141654383X
425175405
345479726
62114611
99282194
553271369
147677143X
044024191X
812521390
399171622
786943408
374299102
843949945
159562015X
3822859710
753819481
385721420
312286252
174275001X
152061548
450610098
62310666
1582433224
747545251
752876872
843391426X
1595148035
553576798
055380717X
451464966
312362080
812967259
857522272
553271989
753821788
380732238
515130389
345547497
159474758X
515130974
307959945
1301786454
517548233
802714625
1891830430
399154221
62083392
1581345283
057507681X
316075558
1594487014
451462807
441016383
64407330
1250021529
385518684
399171088
425256855
030795871X
446679089
1595541896
345435753
440235162
60082097
553381571
439636485
307393879
778322335
590554085
033039780X
446675369
553241605
1937044963
615487424
316216852
505524473
60531258
142003808
1484724984
034537472X
385339690
051722285X
553582895
439436567
552143545
440235596
1423102282
345376048
425178102
393068579
1501105434
60725141
1442429984
486275507
765328542
670026190
425259862
345531485
345522028
1606840584
62071041
380730367
425256766
1482658143
006085202X
425212866
399171614
078681859X
812532597
9799822939
765304740
679744398
765349655
439670209
64471837
61214655
330425781
60577312
385540353
1589190645
743222253
1420925539
1595541217
440246113
670018864
812978188
1416990674
679747192
1250044650
1846687756
886777631
3401063472
671027387
425161242
310241634
62414216
61340634
1632168146
670070297
380776162
698410424
1842430343
399154485
62026488
670038601
312857063
1408852594
61935107
312655452
192750968
765333511
1563054426
843956534
184724954X
425100650
451222350
618485228
312426216
1416968237
440234743
812505182
385340117
425243915
078683661X
1439136823
038039586X
689865198
345418468
451528824
141321318
739439065
1501126229
440174244
380809060
553807250
374104115
515137111
1400068096
446550000
517053616
125000098X
1416543686
043402080X
098836946X
62351206
62026542
033041836X
743482867
140278404X
446607711
62068520
1501129740
60928417
843955848
316229296
6551815
751531219
380718340
399163840
786286806
1423368991
345478991
439443822
435122118
044661162X
1401324029
1439142009
425176088
452297648
486424545
802136680
62327186
451213203
312981260
312377630
452284694
440222702
345528204
446573019
1416593381
61043494
345504968
1423118243
62333003
316126691
1405204664
399153721
067973371X
743219600
778314472
345434811
312934335
60580674
399162410
1595540210
1846057647
425162443
385339089
689865392
440242940
2266071289
547959214
571242448
1590387422
1577314808
316058254
380815575
1409521966
1423176375
385491034
1501141511
743297318
312368461
140003003X
385498802
042520040X
553808036
553807226
440241812
1594745765
000675399X
525945563
316211338
1455581127
1400069629
142004030
1937007588
743460529
553296124
1451649916
349119759
786891084
60521600
440236169
224097377
1423121287
553279718
439436575
61458570
345367693
394726413
045052468X
62071165
751534552
670064181
1480118516
006441034X
802141900
765350378
307348245
045147516X
1416524525
1416984488
593053893
61941026
178089015X
1455549002
451236718
1566195764
812998685
671727796
080417766X
385742371
6480098
374104093
553572393
142409863
440184622
068483376X
1250039819
312980140
399159312
60723513
440237556
340796189
143038095
752858637
763622591
345348664
61969559
385524986
553278118
62014552
316010367
1439192987
316014532
037581468X
316769029
340752459
385341067
345470583
886774012
222109073X
1857231031
039925644X
184416294X
307957241
805080503
62012010
670025593
1416913184
1400031699
1423160916
1841959146
375725342
1447256239
61000019
515142905
9793062797
743294297
425265625
1608195228
1423175123
385524943
1598163221
034541800X
425188930
765340054
9504915248
60815701
60887338
3426615355
1416543694
393312836
330489674
1479359084
1423110706
743496744
345522478
786888016
441015832
743468422
143036424
031259044X
380818809
340818670
755309510
609809105
307962903
439050235
043985802X
441006108
1770460608
385737424
99282968
1416971734
1416989439
1416563725
62200577
812565959
1250010098
385521227
140178139
61020656
1444778536
575073608
312323867
61921262
61797022
373773102
553213873
385343663
385341679
61257052
804138141
440498058
125006662X
393321983
316154385
312932782
375828257
014311638X
399155481
312995059
1416576754
7230206
1301347949
802122558
60567112
1569319049
385341652
451457765
000721975X
778325644
385738773
84386874
385613466
373210132
399158987
307341569
425181111
451231619
399170898
316040096
61131644
316069353
786226749
425266516
1596435704
399157387
99471426
842365834
345527771
1400095565
312347294
312966970
743435745
055380491X
014101587X
1612184715
1841959111
1423140567
394839730
618101365
385515502
1416949674
1849013764
312359322
1609089464
451464095
312099436
842342710
450837319
593057058
1841499005
60085495
1857231589
1623420024
031021923X
743454154
067168390X
1416552510
452284449
64440028
316182745
849759388X
345465083
141318309
1416544208
142002062
1905654871
1400076196
61161640
349113912
375703713
756402972
1476729085
60733357
345476875
679732764
307749606
393307611
446678457
312342020
074974801X
345326490
62273264
307931900
62237381
030726419X
312938810
345418514
812551478
373210450
61240885
1423165993
006083756X
140436030
2310015
1594201501
385339666
1416903569
6471250
345418778
1936305550
586062009
486282228
1400068169
081299860X
141650964X
1416589643
374384711
399230033
547229895
345476883
1416523715
425266745
6479677
553807242
142404624
61797057
8466302948
1400043921
743244583
803740166
441102670
1455502758
446698466
1841499900
312624689
385532350
425240169
573613052
399254129
1401359604
60510862
765343266
1596435690
044669570X
61977969
037542380X
525950125
140285679
7350430
590452037
1416509631
440227534
1844285081
452283205
1439123128
525426582
310247527
778317706
765346524
571198775
224094157
142001805
140504206
446616494
61449180
62225073
446606243
750026049
297859382
446580856
525952063
1582349010
743453255
765348780
671739166
670020532
307237907
749744812
553283685
765316986
439771277
1408857391
345352661
312422288
1596437138
60758287
399184511
451201027
316030899
553496689
425161293
1423121317
345481283
786939842
307406105
7233701
727860992
451225724
142401420
451155750
60009241
312577214
553154346
61470856
375821821
679776591
99446723
031232118X
1416520406
1416548483
2317850
62224735
61990655
515124648
345419359
553381539
1423157524
778325806
802142818
553807137
345480260
038560310X
1594487871
307460207
679766758
684804522
1442416866
156031612
525423664
64407314
553565699
1406309354
055323370X
61566179
595440096
60737557
395304482
1416940286
743253973
038533947X
62071076
399250573
62498533
316187704
515114693
1439180962
140255559
1594489998
425163717
778324214
446677167
1406350486
61284394
345383273
60874198
078572902X
671743058
99303744
670061018
441013678
143913376X
440993717
6178715
1595143211
449016196
1559362766
60724501
1400063736
375726403
545123283
61230944
345504984
61957895
345498208
142400300
316011274
7119356
7157169
006121471X
7245823
439023483
446690457
615651011
60393491
1400033837
044640103X
1419711326
61659258
805092528
60534044
446699551
330371231
679457313
1442403543
1416950052
1582349177
157322359X
1481438867
451210859
039953346X
312270828
60825316
553381547
1250067847
553588249
441015891
553392425
373211392
345455681
345527712
440244056
399170871
1563127873
6280560
7331908
670016381
312575939
316020729
1595143378
312642989
62012037
061871166X
1420103733
1476717486
515139742
743281632
345521307
804178321
385339658
316017442
340911719
553587080
676979343
374158460
345369351
61996203
64410471
055215315X
140045295
399159894
140014454
61944394
60256710
316166685
60987324
451210743
749009519
1849163847
441013333
000712774X
399155686
316069906
1594633118
451459873
61449156
316125849
60827696
156029022
886778581
084230052X
553213148
1400077915
374404143
312605390
61177598
1476727651
345467531
552153257
62060759
6174434
446694533
380753022
812976185
373774524
1847386823
1595540350
679781498
375828788
679759328
1862308160
1594206627
525471340
441008658
1490904387
553584529
743482832
571171788
553807722
394402677
61869708
038072801X
1440154236
1439102392
1476778019
1416989404
441328008
451194004
1596064854
1423147952
765316978
142406252
802170390
525476881
375833641
375701966
767902890
006174266X
068816112X
803731558
307264238
62118692
375424148
810918684
143017861
446612707
679721037
1423166000
765328658
983157200
425259870
544409914
345032799
778328791
1620402750
141699176X
449000753
1605977276
575096578
761147489
7350481
553380966
1419702238
373210493
142408654
1416516727
156031663
743418735
698193032
9991373764
9707311169
160751351X
60887184
60541814
1468139339
316219037
61120081
517543052
044658083X
743263065
61431621
61128856
61974587
307962520
1471110672
1416914293
500275823
044022750X
6480101
316013838
751504572
374203059
385743564
316069485
1416936491
62117181
006195795X
385741774
1250049555
62088149
316098108
441017029
399504338
60931728
307267679
316133973
446696137
425067947
575113294
1594480036
552551317
842339655
61229695
805090053
316016381
439324599
145162137X
1620610116
1423146727
345503821
553268465
1406310271
1416544186
399159347
1416524517
425193942
525423346
1857231511
375703829
553587579
1582349908
1841957178
61160881
1555838537
809015803
812993802
1444705105
141186356
61566152
312658656
60588284
812536355
375701044
039915597X
61056901
078685149X
375761144
802131786
62257838
312206488
571225381
60525657
1423170288
553568019
394743253
61284424
1599908735
857382209
1402798431
316175560
297775340
375826726
1400069262
141659485X
1502784270
042525674X
60757353
679736042
014013168X
374530637
586010165
804188971
385534639
425266869
439366771
451456734
1476792496
61583251
72434171
241144159
60929871
571234607
340606517
006147312X
62124269
316252905
142000671
552154164
1782115080
545284155
1416950095
575070706
385683421
7169914
1423113381
141697895X
1402271514
006093140X
7235801
142400769
752865366
553299492
698184890
316025054
316099783
143037749
312939043
015206396X
1416983082
446402397
61245097
61232920
1442402350
670037729
545654742
61659223
1581345267
60735414
871137380
60851988
553806610
1573225126
385344015
886773520
006077407X
385732538
1907411054
752891634
439895979
307275558
143123238
1423116399
743292499
373210574
553384287
679733973
067001110X
451232682
60975776
6479758
375831002
1590388984
014038572X
786907509
61059919
446195979
553572946
62009494
545027896
034550500X
8143676
1423157311
553587692
425173909
670062405
810993139
425212017
385733976
316407135
074326004X
552148067
307265749
345469011
1594480001
385517882
810994739
425210278
143038389
1905654588
1455520659
446695696
1416985794
805445528
439680093
1594205388
037575931X
006057299X
553116606
99460173
451474473
451218469
836218310
60855908
451190750
425268780
684855631
849945119
380721643
075640407X
1481422340
345443586
316780375
61020613
1476754454
1841156736
1444729705
553213156
553807056
316601950
671729489
553499084
553572989
316219363
761169253
446615757
142406147
1455566020
545326990
425263924
034552666X
399156909
679736328
385339682
042519518X
61448761
1599901196
385535775
385537859
345414004
440220459
1416586598
62200631
312858868
743571355
385335997
743246071
385517831
399160302
399156879
743437349
074990741X
345477243
440241006
62311115
60890312
743437322
385737637
141654707X
7165161
446695688
078948045X
1101875046
1423161610
8408057235
61779725
159463467X
044654759X
1841580651
385333765
743418719
60891564
451528522
545424925
1101874996
152053107
143036254
1620610086
60564652
743412028
593057775
125001980X
689867042
671729446
670018856
425194515
037572737X
141023422
1402208766
375836675
553381350
765312182
1400066212
670032085
031238078X
743454510
590032496
62278967
758211821
765342405
689862210
330398059
60888644
316127191
1455507199
1416530738
857520199
60560150
399170863
618683070
60887397
552142743
140236236
385340559
60096128
765330423
307265773
1402792808
375706674
9793062924
60750863
802170374
051511779X
441012914
60763892
425205959
451219597
1590860624
373605692
312315732
1861977697
61159174
345495934
312593554
1594633665
385339151
451229444
312330871
786838930
316191299
067984483X
60569662
034552425X
080508049X
399256121
375868429
1597801577
373802498
074348486X
425227510
140097317
671890913
395389496
449911942
679735771
312532768
425227944
1502446936
1439102252
394800028
1857988841
679734465
714847984
1533134138
1455561789
345419626
765310082
441013651
375829873
547738471
803733569
553588257
857662937
385732953
425272354
375727132
141651631X
875093663
618620117
399252649
1612187005
425194523
224081187
1595141979
842386882
1477823832
1416510567
044661758X
525421556
552772291
553280511
1905294719
515141429
515139408
440416795
385315546
61985864
1439192561
765309416
399158812
679776818
312971230
1921794097
575077905
553589393
765316994
385352875
425170349
1405038160
670025771
345496531
752858556
345533232
144244228X
553582798
316015059
440227194
552772275
61950726
067102423X
312997116
679723226
312590970
039915731X
184149593X
345472446
330487140
451203771
140065172
143037234
60512806
440238153
743296419
385517238
385349068
312382855
385338104
1934781630
446617687
670241334
743457587
312379293
446539759
375724834
1400041988
1476738963
765345013
014240120X
689840330
486455599
60892013
307931889
345528670
831727527
451208641
425210758
307276902
60887303
042518160X
312938993
451210468
345483448
345515501
425210731
452281253
375703063
142300705
1401303366
033034837X
1400097029
60177241
767927567
61662690
385340222
670021040
312358342
8466302204
1451673442
811214044
385535309
61962783
385538499
1565125525
1451672721
033041335X
193700788X
60513063
375705856
449226352
385735359
385538510
399154213
395181569
1101904224
1595143424
375414959
399156399
312348649
1573226882
441005764
7205236
749732105
60541830
312985347
671737821
553807234
553213180
141185538
014029628X
60788704
441015662
006218850X
425255700
399154388
1476751803
345348109
446607274
374281092
380017601
1841492051
60590270
449205622
1857231325
1250019834
590664875
345479718
385336691
1416912045
1592402038
1551111721
385518331
60515198
1416975861
60584033
1419122126
441005667
312594429
310247454
99446782
670038717
689869118
375706860
812975294
1841493015
812504690
812536363
425083896
486266893
61579033
385730306
812550285
545169178
316069418
60278250
1594631395
1841496863
009928264X
1847442404
009949857X
345485599
764223305
553380958
375727345
1594489254
1857232097
140367357
1416549129
62286447
031024756X
553563734
718147715
156478214X
765326574
689849109
148473274X
1469216000
804138567
752858653
525951652
044101738X
1608190463
439244196
159038783X
385341326
553269224
061808360X
044900063X
525425888
1476717710
1250029880
786939532
812966007
425217299
425197220
547959109
425214591
446616427
345507460
886774632
307959856
1439164681
374104107
316013315
684856476
61284408
747236380
375806814
425203867
030727103X
1595141758
1442426675
316129070
345299116
044022912X
143036939
439846838
345539826
039925692X
140050930
375414495
808553038
803741715
1416524797
141383356
1416548009
1400033411
316243914
778322955
143035088
553278746
356500152
312577222
1416953558
749908904
99436922
743217187
055255264X
140273344
140294295
1416527265
399244557
451223292
312997140
8129135728
385738935
61142026
758272812
031624290X
60921145
1596431520
316069434
671875965
345528921
593046358
812967127
61985848
1585424331
765301075
1455599735
765326361
1250011914
316098795
60590165
61147958
1619630656
441018521
7201095
2290032042
441014348
451456718
441014739
340796170
618640150
689849230
446522597
425152898
805080511
62248162
316012335
184756190X
545132053
60096152
1442402326
8756787650
425193829
373210027
140285601
345334310
525426035
374280967
61869724
399218858
803731531
61043583
380800829
439568331
62295896
451462564
385491050
375703845
525953183
60835273
038077352X
451225856
1400069289
446400157
345505492
380815923
345915623
765329581
62311077
345447867
525950608
1590171993
6498868
385341970
385340540
312656262
749932945
812474945
1442445807
1420925431
618346260
1478314605
446577898
425184226
140297995
156097432X
385534795
312861877
765340747
140284125
380842939
356508366
345534182
670023485
743243781
1581344988
375508325
99297701
045146317X
140183523
739453823
1596435712
096319254X
553588451
159420571X
1581345275
1595143971
307262995
60562536
312642970
1416938745
743418174
451227190
689806981
067122350X
451076451
385494246
071483355X
230706150
8188575704
141185260
160096527X
439568412
316196991
345548515
553589385
743296788
375851798
571212921
99417472
037570387X
451466802
316393878
054762834X
988573229
375840400
62280562
345396936
440241022
307279952
61493341
743289684
312385188
60774126
1599901676
64472779
312979975
449225151
758272820
553269216
671876813
525421033
743449673
1573225517
425273865
316159794
767905202
802120202
425189864
553588079
312370830
6174426
385339100
345505697
765310023
743437810
1400047463
375870415
60890681
042521575X
399256601
61706558
451167805
752898477
1682305066
812996089
553297260
1841493139
747589372
330339184
553582755
671011375
679889175
1439199353
307381463
446692638
1595143068
61935123
340863684
142401765
679736379
62363239
61779814
821780654
087923573X
1501100130
1484705270
312864590
736693416
671796666
1416995587
446556246
330487191
1250010691
1423109600
345366239
99642611
374515360
140911399X
446556823
446676071
439228905
074327041X
615417175
6472613
1416914285
439498821
1476770387
552152943
356502023
749955910
451230647
679732187
749928999
345418530
1439148503
618562036
62282719
743426800
140003065X
486452433
1903434777
345476999
399158022
044101125X
1416989412
765375869
547576722
1416503811
435233076
1582344159
142998192X
312655479
1250022061
811202054
140283307
038572179X
399256504
525421351
006232540X
1416580948
312380755
61783161
778313654
1937053415
1416905855
1400041201
074345300X
679767959
553579754
590224735
345463153
752876821
440244447
1452440026
451463072
375826696
425093255
1442423684
61231428
1612130585
374346674
60888628
553590154
451461525
62103733
1612130291
747263744
1416983309
812968069
743294378
451233328
812550757
785100490
076534825X
1405910216
1439152780
60837640
307270742
446676438
316196487
000711933X
525953086
307700313
99244721
097496090X
61015733
1594488398
778314189
394758285
60519134
670026611
571199976
752852612
671522817
99437961
771068719
9793210605
1476730105
316230812
385535144
586057242
670076082
1101883073
006212255X
1416927247
441017800
60739495
385342047
440221668
804140413
074347418X
345476131
515121495
60727217
771064861
425182134
61176109
345915593
162704017X
380792648
451233182
385533411
1620610094
764224735
1568650957
62072064
307377040
425147584
449214729
399156585
1857231384
345519477
618750436
575088877
1416979182
345471172
439568455
446500046
141439580
1451655789
385733143
375869026
486424588
553383051
856761222
61134104
679436545
312997191
156512569X
152047387
034549038X
61573132
425256227
340640146
451526570
006074815X
553278029
031237982X
752865331
385539088
1595547169
553268929
312934343
451474708
345459202
439672449
151012377
1501106406
679744479
143035304
446579920
62026518
316225932
544920953
670019631
1595541209
142000698
006232022X
1841498874
593073894
1857988361
140135154
1847445209
1416505067
575099127
425137562
385339704
553807145
451207149
031621762X
1101990260
545284104
60872985
61784788
385739168
9993911550
375834869
553581554
684852586
670024961
553278002
345298349
140156046
743474155
440222680
99471434
590133373
374239215
689878575
60744510
553582763
544289595
316175676
1582433542
451159535
375719202
1101874937
752863886
1743342373
671023187
140003342X
1416909834
395570352
805090037
1419717014
751525359
446696110
1461072514
1416978933
671021001
009947915X
670011835
345419383
62024035
515141666
375836578
031623107X
735221081
1622662644
312424671
763618985
446690449
679879250
694006513
552151696
140436588
802720870
1847376177
553580221
758278438
61843407
60525630
545259088
312289510
689862229
143036432
142402516
059044297X
451458443
1250052386
312351623
394724550
380727501
786817879
446401056
439771242
805094598
345545834
1416563687
446615862
425213382
553562738
60594527
62011995
755328949
316001929
356502422
670011460
140255087
042523567X
450031063
142407577
425098087
300107897
141691420X
385526350
440241014
316225886
425180964
1101886692
037570342X
312144075
770437850
312352565
451222385
330344951
449214192
345338545
1619636077
515135062
786942460
393960420
141357274
345539842
316899984
006221635X
425190455
553804685
618001905
1402784031
1400031001
679743626
340830107
1401215815
61720771
1622660757
1476706123
743289412
671732498
083081650X
399157573
1101947136
61779849
1613125348
380782332
031253955X
1565125606
1400031605
553381695
99285045
1416543791
141187166
044101819X
9799625726
345423291
778325504
192750976
142401099
316210900
1250024633
743496310
451460413
141009829
1416524304
449911608
515132187
786813075
671774670
62110837
525955100
394800516
399159371
743275012
60724277
1599908441
1250022134
60555955
446607207
316234559
345543858
140007780X
593065700
743474163
1439153663
7271212
6478964
1409522016
425127583
307959880
786938250
981546269
385737432
670035386
62120395
99771810
1844137872
486431681
571169341
1477808701
553804693
64440591
671447548
449912450
345522486
373210361
679724532
751514624
449221512
804178429
051512608X
434017841
590930028
802142400
316065765
190444248X
446579939
399244565
60882077
743496973
802142842
034083384X
439568471
446354678
312989768
142421715
1416523723
61797081
141692499X
039916443X
60935766
1423101952
61245089
1250045630
067173783X
470581786
1476740488
6498523
174348495X
1439156336
425238199
399155279
62259652
451200829
734406940
743454162
312594445
380726297
312947062
441001866
543898083
312546602
1400067685
1594634475
9380658674
307279464
312641893
307957276
446677124
439858038
786818697
802142109
62081861
375725768
7284977
1250000971
307596907
802123457
1593070950
312939779
446547654
316059854
055381706X
983157227
395957753
1423168232
886778441
718155181
61093327
340752483
62280708
689829531
786836547
896214400
575082453
857520660
195007778
375500723
684859238
61229776
743495667
185723135X
7442912
312263996
145161781X
20248717
039330762X
670020575
842387439
014303541X
60525126
671869205
345461665
1400065674
425182878
805090800
140006208X
1594486247
553275720
140168125
553803719
1846558913
345413997
1590388127
316726192
1423160924
307595110
374299250
045146527X
385526342
62224107
689865406
1455503061
6280897
60935782
61043532
316018783
385613504
7201788
316231053
141181362
674017722
60594772
525950079
142333745X
446694258
515128635
1416954171
60734086
62002325
747594155
749311614
1416505415
451207793
307272095
345533631
394758269
385344341
375702709
689872372
7331789
330411985
142406635
316074314
034548343X
312360266
425185508
425098605
8807813025
61988340
809599813
142640607X
440420059
038551851X
385337639
1841493155
312422156
316113573
048641423X
451450523
345516109
778324907
1250003326
1416500189
61668125
61779784
449000621
1595540547
62227327
765332000
440421853
038081093X
345503805
571225403
193481332X
312304358
743270606
671010123
1416953574
670034800
1476751447
446580341
810983915
394758277
312420331
446615625
140184937
399229191
316228532
62071130
8424133498
345418549
1400064562
553567152
1857239016
068484477X
20306652
439829119
1250002826
61007226
307716546
850515033
140130138X
345425502
006156608X
307265781
571215165
385338708
756403146
743484207
5559609129
310266289
081299289X
345498127
61053716
553262149
